JOGADOR1 ((((0 0 0 0 0 0) (0 0 0 0 0 0) (0 0 0 0 0 0) (0 0 0 0 0 0)
            (0 0 0 0 0 0) (0 0 0 0 0 0))
           ((0 0 0 0 0) (0 0 0 0 0) (0 0 0 0 0) (0 0 0 0 0) (0 0 0 0 0)
            (0 0 0 0 0) (0 0 0 0 1)))
          19919 6953 4626 0) 
JOGADOR2 ((((0 0 0 0 0 0) (0 0 0 0 0 0) (0 0 0 0 0 0) (0 0 0 0 0 0)
            (0 0 0 0 0 0) (0 0 0 0 0 0))
           ((0 0 0 0 0) (0 0 0 0 0) (0 0 0 0 0) (0 0 0 0 0) (0 0 0 0 0)
            (0 0 0 0 0) (0 0 0 2 1)))
          139 0 69 0) 
JOGADOR1 ((((0 0 0 0 0 0) (0 0 0 0 0 0) (0 0 0 0 0 0) (0 0 0 0 0 0)
            (0 0 0 0 0 0) (0 0 0 0 0 0))
           ((0 0 0 0 0) (0 0 0 0 0) (0 0 0 0 0) (0 0 0 0 0) (0 0 0 0 0)
            (0 0 0 0 0) (0 0 1 2 1)))
          137 0 68 0) 
JOGADOR2 ((((0 0 0 0 0 0) (0 0 0 0 0 0) (0 0 0 0 0 0) (0 0 0 0 0 0)
            (0 0 0 0 0 0) (0 0 0 0 0 0))
           ((0 0 0 0 0) (0 0 0 0 0) (0 0 0 0 0) (0 0 0 0 0) (0 0 0 0 0)
            (0 0 0 0 0) (0 2 1 2 1)))
          135 0 67 0) 
JOGADOR1 ((((0 0 0 0 0 0) (0 0 0 0 0 0) (0 0 0 0 0 0) (0 0 0 0 0 0)
            (0 0 0 0 0 0) (0 0 0 0 0 0))
           ((0 0 0 0 0) (0 0 0 0 0) (0 0 0 0 0) (0 0 0 0 0) (0 0 0 0 0)
            (0 0 0 0 0) (1 2 1 2 1)))
          133 0 66 0) 
JOGADOR2 ((((0 0 0 0 0 0) (0 0 0 0 0 0) (0 0 0 0 0 0) (0 0 0 0 0 0)
            (0 0 0 0 0 0) (0 0 0 0 0 0))
           ((0 0 0 0 0) (0 0 0 0 0) (0 0 0 0 0) (0 0 0 0 0) (0 0 0 0 0)
            (0 0 0 0 2) (1 2 1 2 1)))
          131 0 65 0) 
JOGADOR1 ((((0 0 0 0 0 0) (0 0 0 0 0 0) (0 0 0 0 0 0) (0 0 0 0 0 0)
            (0 0 0 0 0 0) (0 0 0 0 0 0))
           ((0 0 0 0 0) (0 0 0 0 0) (0 0 0 0 0) (0 0 0 0 0) (0 0 0 0 0)
            (0 0 0 1 2) (1 2 1 2 1)))
          193 0 24 1) 
JOGADOR2 ((((0 0 0 0 0 0) (0 0 0 0 0 0) (0 0 0 0 0 0) (0 0 0 0 0 0)
            (0 0 0 0 0 0) (0 0 0 0 0 0))
           ((0 0 0 0 0) (0 0 0 0 0) (0 0 0 0 0) (0 0 0 0 0) (0 0 0 0 0)
            (0 0 2 1 2) (1 2 1 2 1)))
          127 0 63 0) 
JOGADOR1 ((((0 0 0 0 0 0) (0 0 0 0 0 0) (0 0 0 0 0 0) (0 0 0 0 0 0)
            (0 0 0 0 0 0) (0 0 0 0 0 0))
           ((0 0 0 0 0) (0 0 0 0 0) (0 0 0 0 0) (0 0 0 0 0) (0 0 0 0 0)
            (0 1 2 1 2) (1 2 1 2 1)))
          187 0 61 0) 
JOGADOR2 ((((0 0 0 0 0 0) (0 0 0 0 0 0) (0 0 0 0 0 0) (0 0 0 0 0 0)
            (0 0 0 0 0 0) (0 0 0 0 0 0))
           ((0 0 0 0 0) (0 0 0 0 0) (0 0 0 0 0) (0 0 0 0 0) (0 0 0 0 0)
            (2 1 2 1 2) (1 2 1 2 1)))
          245 0 59 0) 
JOGADOR1 ((((0 0 0 0 0 0) (0 0 0 0 0 0) (0 0 0 0 0 0) (0 0 0 0 0 0)
            (0 0 0 0 0 0) (0 0 0 0 0 0))
           ((0 0 0 0 0) (0 0 0 0 0) (0 0 0 0 0) (0 0 0 0 0) (0 0 0 0 1)
            (2 1 2 1 2) (1 2 1 2 1)))
          241 0 58 0) 
JOGADOR2 ((((0 0 0 0 0 0) (0 0 0 0 0 0) (0 0 0 0 0 0) (0 0 0 0 0 0)
            (0 0 0 0 0 0) (0 0 0 0 0 0))
           ((0 0 0 0 0) (0 0 0 0 0) (0 0 0 0 0) (0 0 0 0 0) (0 0 0 2 1)
            (2 1 2 1 2) (1 2 1 2 1)))
          237 0 57 0) 
JOGADOR1 ((((0 0 0 0 0 0) (0 0 0 0 0 0) (0 0 0 0 0 0) (0 0 0 0 0 0)
            (0 0 0 0 0 0) (0 0 0 0 0 0))
           ((0 0 0 0 0) (0 0 0 0 0) (0 0 0 0 0) (0 0 0 0 0) (0 0 1 2 1)
            (2 1 2 1 2) (1 2 1 2 1)))
          233 0 56 0) 
JOGADOR2 ((((0 0 0 0 0 0) (0 0 0 0 0 0) (0 0 0 0 0 0) (0 0 0 0 0 0)
            (0 0 0 0 0 0) (0 0 0 0 0 0))
           ((0 0 0 0 0) (0 0 0 0 0) (0 0 0 0 0) (0 0 0 0 0) (0 2 1 2 1)
            (2 1 2 1 2) (1 2 1 2 1)))
          229 0 43 1) 
JOGADOR1 ((((0 0 0 0 0 0) (0 0 0 0 0 0) (0 0 0 0 0 0) (0 0 0 0 0 0)
            (0 0 0 0 0 0) (0 0 0 0 0 0))
           ((0 0 0 0 0) (0 0 0 0 0) (0 0 0 0 0) (0 0 0 0 0) (1 2 1 2 1)
            (2 1 2 1 2) (1 2 1 2 1)))
          225 0 54 0) 
JOGADOR2 ((((0 0 0 0 0 0) (0 0 0 0 0 0) (0 0 0 0 0 0) (0 0 0 0 0 0)
            (0 0 0 0 0 0) (0 0 0 0 0 0))
           ((0 0 0 0 0) (0 0 0 0 0) (0 0 0 0 0) (0 0 0 0 2) (1 2 1 2 1)
            (2 1 2 1 2) (1 2 1 2 1)))
          221 0 53 0) 
JOGADOR1 ((((0 0 0 0 0 0) (0 0 0 0 0 0) (0 0 0 0 0 0) (0 0 0 0 0 0)
            (0 0 0 0 0 0) (0 0 0 0 0 0))
           ((0 0 0 0 0) (0 0 0 0 0) (0 0 0 0 0) (0 0 0 1 2) (1 2 1 2 1)
            (2 1 2 1 2) (1 2 1 2 1)))
          217 0 52 0) 
JOGADOR2 ((((0 0 0 0 0 0) (0 0 0 0 0 0) (0 0 0 0 0 0) (0 0 0 0 0 0)
            (0 0 0 0 0 0) (0 0 0 0 0 0))
           ((0 0 0 0 0) (0 0 0 0 0) (0 0 0 0 0) (0 0 2 1 2) (1 2 1 2 1)
            (2 1 2 1 2) (1 2 1 2 1)))
          213 0 51 0) 
JOGADOR1 ((((0 0 0 0 0 0) (0 0 0 0 0 0) (0 0 0 0 0 0) (0 0 0 0 0 0)
            (0 0 0 0 0 0) (0 0 0 0 0 0))
           ((0 0 0 0 0) (0 0 0 0 0) (0 0 0 0 0) (0 1 2 1 2) (1 2 1 2 1)
            (2 1 2 1 2) (1 2 1 2 1)))
          209 0 50 0) 
JOGADOR2 ((((0 0 0 0 0 0) (0 0 0 0 0 0) (0 0 0 0 0 0) (0 0 0 0 0 0)
            (0 0 0 0 0 0) (0 0 0 0 0 0))
           ((0 0 0 0 0) (0 0 0 0 0) (0 0 0 0 0) (2 1 2 1 2) (1 2 1 2 1)
            (2 1 2 1 2) (1 2 1 2 1)))
          205 0 49 0) 
JOGADOR1 ((((0 0 0 0 0 0) (0 0 0 0 0 0) (0 0 0 0 0 0) (0 0 0 0 0 0)
            (0 0 0 0 0 0) (0 0 0 0 0 0))
           ((0 0 0 0 0) (0 0 0 0 0) (0 0 0 0 1) (2 1 2 1 2) (1 2 1 2 1)
            (2 1 2 1 2) (1 2 1 2 1)))
          201 0 48 0) 
JOGADOR2 ((((0 0 0 0 0 0) (0 0 0 0 0 0) (0 0 0 0 0 0) (0 0 0 0 0 0)
            (0 0 0 0 0 0) (0 0 0 0 0 0))
           ((0 0 0 0 0) (0 0 0 0 0) (0 0 0 2 1) (2 1 2 1 2) (1 2 1 2 1)
            (2 1 2 1 2) (1 2 1 2 1)))
          197 0 47 0) 
JOGADOR1 ((((0 0 0 0 0 0) (0 0 0 0 0 0) (0 0 0 0 0 0) (0 0 0 0 0 0)
            (0 0 0 0 0 0) (0 0 0 0 0 0))
           ((0 0 0 0 0) (0 0 0 0 0) (0 0 1 2 1) (2 1 2 1 2) (1 2 1 2 1)
            (2 1 2 1 2) (1 2 1 2 1)))
          145 0 12 1) 
JOGADOR2 ((((0 0 0 0 0 0) (0 0 0 0 0 0) (0 0 0 0 0 0) (0 0 0 0 0 0)
            (0 0 0 0 0 0) (0 0 0 0 0 0))
           ((0 0 0 0 0) (0 0 0 0 0) (0 2 1 2 1) (2 1 2 1 2) (1 2 1 2 1)
            (2 1 2 1 2) (1 2 1 2 1)))
          189 0 45 0) 
JOGADOR1 ((((0 0 0 0 0 0) (0 0 0 0 0 0) (0 0 0 0 0 0) (0 0 0 0 0 0)
            (0 0 0 0 0 0) (0 0 0 0 0 0))
           ((0 0 0 0 0) (0 0 0 0 0) (1 2 1 2 1) (2 1 2 1 2) (1 2 1 2 1)
            (2 1 2 1 2) (1 2 1 2 1)))
          185 0 44 0) 
JOGADOR2 ((((0 0 0 0 0 0) (0 0 0 0 0 0) (0 0 0 0 0 0) (0 0 0 0 0 0)
            (0 0 0 0 0 0) (0 0 0 0 0 0))
           ((0 0 0 0 0) (0 0 0 0 2) (1 2 1 2 1) (2 1 2 1 2) (1 2 1 2 1)
            (2 1 2 1 2) (1 2 1 2 1)))
          181 0 43 0) 
JOGADOR1 ((((0 0 0 0 0 0) (0 0 0 0 0 0) (0 0 0 0 0 0) (0 0 0 0 0 0)
            (0 0 0 0 0 0) (0 0 0 0 0 0))
           ((0 0 0 0 0) (0 0 0 1 2) (1 2 1 2 1) (2 1 2 1 2) (1 2 1 2 1)
            (2 1 2 1 2) (1 2 1 2 1)))
          177 0 42 0) 
JOGADOR2 ((((0 0 0 0 0 0) (0 0 0 0 0 0) (0 0 0 0 0 0) (0 0 0 0 0 0)
            (0 0 0 0 0 0) (0 0 0 0 0 0))
           ((0 0 0 0 0) (0 0 2 1 2) (1 2 1 2 1) (2 1 2 1 2) (1 2 1 2 1)
            (2 1 2 1 2) (1 2 1 2 1)))
          173 0 41 0) 
JOGADOR1 ((((0 0 0 0 0 0) (0 0 0 0 0 0) (0 0 0 0 0 0) (0 0 0 0 0 0)
            (0 0 0 0 0 0) (0 0 0 0 0 0))
           ((0 0 0 0 0) (0 1 2 1 2) (1 2 1 2 1) (2 1 2 1 2) (1 2 1 2 1)
            (2 1 2 1 2) (1 2 1 2 1)))
          169 0 40 0) 
JOGADOR2 ((((0 0 0 0 0 0) (0 0 0 0 0 0) (0 0 0 0 0 0) (0 0 0 0 0 0)
            (0 0 0 0 0 0) (0 0 0 0 0 0))
           ((0 0 0 0 0) (2 1 2 1 2) (1 2 1 2 1) (2 1 2 1 2) (1 2 1 2 1)
            (2 1 2 1 2) (1 2 1 2 1)))
          165 0 39 0) 
JOGADOR1 ((((0 0 0 0 0 0) (0 0 0 0 0 0) (0 0 0 0 0 0) (0 0 0 0 0 0)
            (0 0 0 0 0 0) (0 0 0 0 0 0))
           ((0 0 0 0 1) (2 1 2 1 2) (1 2 1 2 1) (2 1 2 1 2) (1 2 1 2 1)
            (2 1 2 1 2) (1 2 1 2 1)))
          161 0 38 0) 
JOGADOR2 ((((0 0 0 0 0 0) (0 0 0 0 0 0) (0 0 0 0 0 0) (0 0 0 0 0 0)
            (0 0 0 0 0 0) (0 0 0 0 0 0))
           ((0 0 0 2 1) (2 1 2 1 2) (1 2 1 2 1) (2 1 2 1 2) (1 2 1 2 1)
            (2 1 2 1 2) (1 2 1 2 1)))
          157 0 37 0) 
JOGADOR1 ((((0 0 0 0 0 0) (0 0 0 0 0 0) (0 0 0 0 0 0) (0 0 0 0 0 0)
            (0 0 0 0 0 0) (0 0 0 0 0 0))
           ((0 0 1 2 1) (2 1 2 1 2) (1 2 1 2 1) (2 1 2 1 2) (1 2 1 2 1)
            (2 1 2 1 2) (1 2 1 2 1)))
          153 0 36 0) 
JOGADOR2 ((((0 0 0 0 0 0) (0 0 0 0 0 0) (0 0 0 0 0 0) (0 0 0 0 0 0)
            (0 0 0 0 0 0) (0 0 0 0 0 0))
           ((0 2 1 2 1) (2 1 2 1 2) (1 2 1 2 1) (2 1 2 1 2) (1 2 1 2 1)
            (2 1 2 1 2) (1 2 1 2 1)))
          149 0 35 0) 
JOGADOR1 ((((0 0 0 0 0 0) (0 0 0 0 0 0) (0 0 0 0 0 0) (0 0 0 0 0 0)
            (0 0 0 0 0 0) (0 0 0 0 0 0))
           ((1 2 1 2 1) (2 1 2 1 2) (1 2 1 2 1) (2 1 2 1 2) (1 2 1 2 1)
            (2 1 2 1 2) (1 2 1 2 1)))
          109 0 22 1) 
JOGADOR2 ((((0 0 0 0 0 0) (0 0 0 0 0 0) (0 0 0 0 0 0) (0 0 0 0 0 0)
            (0 0 0 0 0 0) (0 0 0 0 0 2))
           ((1 2 1 2 1) (2 1 2 1 2) (1 2 1 2 1) (2 1 2 1 2) (1 2 1 2 1)
            (2 1 2 1 2) (1 2 1 2 1)))
          106 0 34 0) 
JOGADOR1 ((((0 0 0 0 0 0) (0 0 0 0 0 0) (0 0 0 0 0 0) (0 0 0 0 0 0)
            (0 0 0 0 0 1) (0 0 0 0 0 2))
           ((1 2 1 2 1) (2 1 2 1 2) (1 2 1 2 1) (2 1 2 1 2) (1 2 1 2 1)
            (2 1 2 1 2) (1 2 1 2 1)))
          137 0 32 0) 
JOGADOR1 ((((0 0 0 0 0 0) (0 0 0 0 0 0) (0 0 0 0 0 0) (0 0 0 0 0 1)
            (0 0 0 0 0 1) (0 0 0 0 0 2))
           ((1 2 1 2 1) (2 1 2 1 2) (1 2 1 2 1) (2 1 2 1 2) (1 2 1 2 1)
            (2 1 2 1 2) (1 2 1 2 1)))
          133 0 31 0) 
JOGADOR1 ((((0 0 0 0 0 0) (0 0 0 0 0 0) (0 0 0 0 0 1) (0 0 0 0 0 1)
            (0 0 0 0 0 1) (0 0 0 0 0 2))
           ((1 2 1 2 1) (2 1 2 1 2) (1 2 1 2 1) (2 1 2 1 2) (1 2 1 2 1)
            (2 1 2 1 2) (1 2 1 2 1)))
          129 0 30 0) 
JOGADOR1 ((((0 0 0 0 0 0) (0 0 0 0 0 1) (0 0 0 0 0 1) (0 0 0 0 0 1)
            (0 0 0 0 0 1) (0 0 0 0 0 2))
           ((1 2 1 2 1) (2 1 2 1 2) (1 2 1 2 1) (2 1 2 1 2) (1 2 1 2 1)
            (2 1 2 1 2) (1 2 1 2 1)))
          125 0 29 0) 
JOGADOR1 ((((0 0 0 0 0 1) (0 0 0 0 0 1) (0 0 0 0 0 1) (0 0 0 0 0 1)
            (0 0 0 0 0 1) (0 0 0 0 0 2))
           ((1 2 1 2 1) (2 1 2 1 2) (1 2 1 2 1) (2 1 2 1 2) (1 2 1 2 1)
            (2 1 2 1 2) (1 2 1 2 1)))
          121 0 28 0) 
JOGADOR1 ((((0 0 0 0 0 1) (0 0 0 0 0 1) (0 0 0 0 0 1) (0 0 0 0 0 1)
            (0 0 0 0 0 1) (0 0 0 0 1 2))
           ((1 2 1 2 1) (2 1 2 1 2) (1 2 1 2 1) (2 1 2 1 2) (1 2 1 2 1)
            (2 1 2 1 2) (1 2 1 2 1)))
          88 0 28 0) 
JOGADOR2 ((((0 0 0 0 0 1) (0 0 0 0 0 1) (0 0 0 0 0 1) (0 0 0 0 0 1)
            (0 0 0 0 2 1) (0 0 0 0 1 2))
           ((1 2 1 2 1) (2 1 2 1 2) (1 2 1 2 1) (2 1 2 1 2) (1 2 1 2 1)
            (2 1 2 1 2) (1 2 1 2 1)))
          113 0 26 0) 
JOGADOR2 ((((0 0 0 0 0 1) (0 0 0 0 0 1) (0 0 0 0 0 1) (0 0 0 0 2 1)
            (0 0 0 0 2 1) (0 0 0 0 1 2))
           ((1 2 1 2 1) (2 1 2 1 2) (1 2 1 2 1) (2 1 2 1 2) (1 2 1 2 1)
            (2 1 2 1 2) (1 2 1 2 1)))
          109 0 25 0) 
JOGADOR2 ((((0 0 0 0 0 1) (0 0 0 0 0 1) (0 0 0 0 2 1) (0 0 0 0 2 1)
            (0 0 0 0 2 1) (0 0 0 0 1 2))
           ((1 2 1 2 1) (2 1 2 1 2) (1 2 1 2 1) (2 1 2 1 2) (1 2 1 2 1)
            (2 1 2 1 2) (1 2 1 2 1)))
          105 0 24 0) 
JOGADOR2 ((((0 0 0 0 0 1) (0 0 0 0 2 1) (0 0 0 0 2 1) (0 0 0 0 2 1)
            (0 0 0 0 2 1) (0 0 0 0 1 2))
           ((1 2 1 2 1) (2 1 2 1 2) (1 2 1 2 1) (2 1 2 1 2) (1 2 1 2 1)
            (2 1 2 1 2) (1 2 1 2 1)))
          101 0 23 0) 
JOGADOR2 ((((0 0 0 0 2 1) (0 0 0 0 2 1) (0 0 0 0 2 1) (0 0 0 0 2 1)
            (0 0 0 0 2 1) (0 0 0 0 1 2))
           ((1 2 1 2 1) (2 1 2 1 2) (1 2 1 2 1) (2 1 2 1 2) (1 2 1 2 1)
            (2 1 2 1 2) (1 2 1 2 1)))
          97 0 22 0) 
JOGADOR2 ((((0 0 0 0 2 1) (0 0 0 0 2 1) (0 0 0 0 2 1) (0 0 0 0 2 1)
            (0 0 0 0 2 1) (0 0 0 2 1 2))
           ((1 2 1 2 1) (2 1 2 1 2) (1 2 1 2 1) (2 1 2 1 2) (1 2 1 2 1)
            (2 1 2 1 2) (1 2 1 2 1)))
          70 0 22 0) 
JOGADOR1 ((((0 0 0 0 2 1) (0 0 0 0 2 1) (0 0 0 0 2 1) (0 0 0 0 2 1)
            (0 0 0 1 2 1) (0 0 0 2 1 2))
           ((1 2 1 2 1) (2 1 2 1 2) (1 2 1 2 1) (2 1 2 1 2) (1 2 1 2 1)
            (2 1 2 1 2) (1 2 1 2 1)))
          89 0 20 0) 
JOGADOR1 ((((0 0 0 0 2 1) (0 0 0 0 2 1) (0 0 0 0 2 1) (0 0 0 1 2 1)
            (0 0 0 1 2 1) (0 0 0 2 1 2))
           ((1 2 1 2 1) (2 1 2 1 2) (1 2 1 2 1) (2 1 2 1 2) (1 2 1 2 1)
            (2 1 2 1 2) (1 2 1 2 1)))
          85 0 19 0) 
JOGADOR1 ((((0 0 0 0 2 1) (0 0 0 0 2 1) (0 0 0 1 2 1) (0 0 0 1 2 1)
            (0 0 0 1 2 1) (0 0 0 2 1 2))
           ((1 2 1 2 1) (2 1 2 1 2) (1 2 1 2 1) (2 1 2 1 2) (1 2 1 2 1)
            (2 1 2 1 2) (1 2 1 2 1)))
          81 0 18 0) 
JOGADOR1 ((((0 0 0 0 2 1) (0 0 0 1 2 1) (0 0 0 1 2 1) (0 0 0 1 2 1)
            (0 0 0 1 2 1) (0 0 0 2 1 2))
           ((1 2 1 2 1) (2 1 2 1 2) (1 2 1 2 1) (2 1 2 1 2) (1 2 1 2 1)
            (2 1 2 1 2) (1 2 1 2 1)))
          77 0 17 0) 
JOGADOR1 ((((0 0 0 1 2 1) (0 0 0 1 2 1) (0 0 0 1 2 1) (0 0 0 1 2 1)
            (0 0 0 1 2 1) (0 0 0 2 1 2))
           ((1 2 1 2 1) (2 1 2 1 2) (1 2 1 2 1) (2 1 2 1 2) (1 2 1 2 1)
            (2 1 2 1 2) (1 2 1 2 1)))
          73 0 16 0) 
JOGADOR1 ((((0 0 0 1 2 1) (0 0 0 1 2 1) (0 0 0 1 2 1) (0 0 0 1 2 1)
            (0 0 0 1 2 1) (0 0 1 2 1 2))
           ((1 2 1 2 1) (2 1 2 1 2) (1 2 1 2 1) (2 1 2 1 2) (1 2 1 2 1)
            (2 1 2 1 2) (1 2 1 2 1)))
          52 0 16 0) 
JOGADOR2 ((((0 0 0 1 2 1) (0 0 0 1 2 1) (0 0 0 1 2 1) (0 0 0 1 2 1)
            (0 0 2 1 2 1) (0 0 1 2 1 2))
           ((1 2 1 2 1) (2 1 2 1 2) (1 2 1 2 1) (2 1 2 1 2) (1 2 1 2 1)
            (2 1 2 1 2) (1 2 1 2 1)))
          65 0 14 0) 
JOGADOR2 ((((0 0 0 1 2 1) (0 0 0 1 2 1) (0 0 0 1 2 1) (0 0 2 1 2 1)
            (0 0 2 1 2 1) (0 0 1 2 1 2))
           ((1 2 1 2 1) (2 1 2 1 2) (1 2 1 2 1) (2 1 2 1 2) (1 2 1 2 1)
            (2 1 2 1 2) (1 2 1 2 1)))
          61 0 13 0) 
JOGADOR2 ((((0 0 0 1 2 1) (0 0 0 1 2 1) (0 0 2 1 2 1) (0 0 2 1 2 1)
            (0 0 2 1 2 1) (0 0 1 2 1 2))
           ((1 2 1 2 1) (2 1 2 1 2) (1 2 1 2 1) (2 1 2 1 2) (1 2 1 2 1)
            (2 1 2 1 2) (1 2 1 2 1)))
          57 0 12 0) 
JOGADOR2 ((((0 0 0 1 2 1) (0 0 2 1 2 1) (0 0 2 1 2 1) (0 0 2 1 2 1)
            (0 0 2 1 2 1) (0 0 1 2 1 2))
           ((1 2 1 2 1) (2 1 2 1 2) (1 2 1 2 1) (2 1 2 1 2) (1 2 1 2 1)
            (2 1 2 1 2) (1 2 1 2 1)))
          53 0 11 0) 
JOGADOR2 ((((0 0 2 1 2 1) (0 0 2 1 2 1) (0 0 2 1 2 1) (0 0 2 1 2 1)
            (0 0 2 1 2 1) (0 0 1 2 1 2))
           ((1 2 1 2 1) (2 1 2 1 2) (1 2 1 2 1) (2 1 2 1 2) (1 2 1 2 1)
            (2 1 2 1 2) (1 2 1 2 1)))
          49 0 10 0) 
JOGADOR2 ((((0 0 2 1 2 1) (0 0 2 1 2 1) (0 0 2 1 2 1) (0 0 2 1 2 1)
            (0 0 2 1 2 1) (0 2 1 2 1 2))
           ((1 2 1 2 1) (2 1 2 1 2) (1 2 1 2 1) (2 1 2 1 2) (1 2 1 2 1)
            (2 1 2 1 2) (1 2 1 2 1)))
          34 0 10 0) 
JOGADOR1 ((((0 0 2 1 2 1) (0 0 2 1 2 1) (0 0 2 1 2 1) (0 0 2 1 2 1)
            (0 1 2 1 2 1) (0 2 1 2 1 2))
           ((1 2 1 2 1) (2 1 2 1 2) (1 2 1 2 1) (2 1 2 1 2) (1 2 1 2 1)
            (2 1 2 1 2) (1 2 1 2 1)))
          41 0 8 0) 
JOGADOR1 ((((0 0 2 1 2 1) (0 0 2 1 2 1) (0 0 2 1 2 1) (0 1 2 1 2 1)
            (0 1 2 1 2 1) (0 2 1 2 1 2))
           ((1 2 1 2 1) (2 1 2 1 2) (1 2 1 2 1) (2 1 2 1 2) (1 2 1 2 1)
            (2 1 2 1 2) (1 2 1 2 1)))
          37 0 7 0) 
JOGADOR1 ((((0 0 2 1 2 1) (0 0 2 1 2 1) (0 1 2 1 2 1) (0 1 2 1 2 1)
            (0 1 2 1 2 1) (0 2 1 2 1 2))
           ((1 2 1 2 1) (2 1 2 1 2) (1 2 1 2 1) (2 1 2 1 2) (1 2 1 2 1)
            (2 1 2 1 2) (1 2 1 2 1)))
          33 0 6 0) 
JOGADOR1 ((((0 0 2 1 2 1) (0 1 2 1 2 1) (0 1 2 1 2 1) (0 1 2 1 2 1)
            (0 1 2 1 2 1) (0 2 1 2 1 2))
           ((1 2 1 2 1) (2 1 2 1 2) (1 2 1 2 1) (2 1 2 1 2) (1 2 1 2 1)
            (2 1 2 1 2) (1 2 1 2 1)))
          29 0 5 0) 
JOGADOR1 ((((0 1 2 1 2 1) (0 1 2 1 2 1) (0 1 2 1 2 1) (0 1 2 1 2 1)
            (0 1 2 1 2 1) (0 2 1 2 1 2))
           ((1 2 1 2 1) (2 1 2 1 2) (1 2 1 2 1) (2 1 2 1 2) (1 2 1 2 1)
            (2 1 2 1 2) (1 2 1 2 1)))
          25 0 4 0) 
JOGADOR1 ((((0 1 2 1 2 1) (0 1 2 1 2 1) (0 1 2 1 2 1) (0 1 2 1 2 1)
            (0 1 2 1 2 1) (1 2 1 2 1 2))
           ((1 2 1 2 1) (2 1 2 1 2) (1 2 1 2 1) (2 1 2 1 2) (1 2 1 2 1)
            (2 1 2 1 2) (1 2 1 2 1)))
          16 0 4 0) 
JOGADOR2 ((((0 1 2 1 2 1) (0 1 2 1 2 1) (0 1 2 1 2 1) (0 1 2 1 2 1)
            (2 1 2 1 2 1) (1 2 1 2 1 2))
           ((1 2 1 2 1) (2 1 2 1 2) (1 2 1 2 1) (2 1 2 1 2) (1 2 1 2 1)
            (2 1 2 1 2) (1 2 1 2 1)))
          17 0 2 0) 
JOGADOR2 ((((0 1 2 1 2 1) (0 1 2 1 2 1) (0 1 2 1 2 1) (2 1 2 1 2 1)
            (2 1 2 1 2 1) (1 2 1 2 1 2))
           ((1 2 1 2 1) (2 1 2 1 2) (1 2 1 2 1) (2 1 2 1 2) (1 2 1 2 1)
            (2 1 2 1 2) (1 2 1 2 1)))
          7 0 3 0) 
JOGADOR2 ((((0 1 2 1 2 1) (0 1 2 1 2 1) (2 1 2 1 2 1) (2 1 2 1 2 1)
            (2 1 2 1 2 1) (1 2 1 2 1 2))
           ((1 2 1 2 1) (2 1 2 1 2) (1 2 1 2 1) (2 1 2 1 2) (1 2 1 2 1)
            (2 1 2 1 2) (1 2 1 2 1)))
          5 0 2 0) 
JOGADOR2 ((((0 1 2 1 2 1) (2 1 2 1 2 1) (2 1 2 1 2 1) (2 1 2 1 2 1)
            (2 1 2 1 2 1) (1 2 1 2 1 2))
           ((1 2 1 2 1) (2 1 2 1 2) (1 2 1 2 1) (2 1 2 1 2) (1 2 1 2 1)
            (2 1 2 1 2) (1 2 1 2 1)))
          3 0 1 0) 
JOGADOR2 ((((2 1 2 1 2 1) (2 1 2 1 2 1) (2 1 2 1 2 1) (2 1 2 1 2 1)
            (2 1 2 1 2 1) (1 2 1 2 1 2))
           ((1 2 1 2 1) (2 1 2 1 2) (1 2 1 2 1) (2 1 2 1 2) (1 2 1 2 1)
            (2 1 2 1 2) (1 2 1 2 1)))
          1 0 0 0) 
